44525934 1.7
9826528 1.87143
44578630 1.98571
44525921 2.22857
44526077 2.27143
44525966 2.28571
44525959 2.52857
6918454 2.74286
44525938 2.78571
11220119 2.9
44525933 3.02857
6539427 3.02857
6539513 3.07143
66561010 3.07143
44525943 3.11429
57398391 3.12857
44525948 3.3
44397687 3.38571
227502 3.4
44397393 3.61429
44525971 3.62857
44525960 3.65714
6539475 3.67143
44525968 3.81429
11594774 3.82857
19879232 3.82857
10086873 3.88571
44525944 3.91429
45481463 3.91429
17754438 3.92857
44525942 3.92857
45271247 3.92857
45269578 4.01429
57400063 4.01429
44525924 4.07143
9861063 4.11429
25033539 4.12857
44525937 4.22857
44525972 4.28571
1491157 4.3
25263100 4.31429
44525930 4.47143
44528946 4.5
44578566 4.5
17755746 4.52429
44525928 4.59
9929101 4.62857
44529112 4.71429
44328896 4.72857
44525965 4.74286
56680318 4.75714
44532438 4.78571
11793277 4.78571
49798353 4.81429
11529890 4.82857
11716589 4.85714
44526073 4.88571
44525929 4.88571
51356855 4.9
51356856 4.94286
11633551 4.95714
6539578 4.97143
6539525 4.98429
18536633 5.02857
57396626 5.04286
25093464 5.07143
1489204 5.11429
25263108 5.14286
11595752 5.17143
11712734 5.21429
9945516 5.25714
10286382 5.28143
44525951 5.3
46214650 5.33
44525970 5.38571
44525967 5.44286
44525957 5.52857
44526071 5.52857
24949702 5.54286
2787267 5.57143
53467617 5.57857
44525964 5.62857
44279444 5.67143
11524582 5.7
44525946 5.7
57396625 5.7
44525969 5.72857
44527657 5.73
44525932 5.75714
57403576 5.77143
44532102 5.77143
17755233 5.80857
6539498 5.84286
44532480 5.91429
6539416 5.94286
6539519 5.94286
11682680 5.94286
70683337 5.97143
44532432 5.97143
6539550 5.98571
44397011 5.98571
44525955 6.02857
44525926 6.08571
51357138 6.08571
44433573 6.17143
44525935 6.18571
57401867 6.18571
51354901 6.27
53322416 6.28571
10135552 6.29714
44532737 6.31429
44525485 6.35714
44532297 6.35714
44532477 6.39857
5329477 6.4
44526070 6.4
44532478 6.4
6539496 6.42857
44526074 6.47143
44525947 6.5
44525954 6.52857
6539613 6.52857
21078798 6.54286
44525927 6.55714
44529831 6.61429
22049997 6.63714
10267580 6.64286
44525931 6.65714
53466951 6.68571
6539523 6.7
129723 6.71429
25190914 6.71429
44526685 6.74286
10186009 6.8
44526068 6.8
44525923 6.85714
45270417 6.88571
44525963 6.9
5330286 6.94286
5329481 6.95714
6539512 6.95714
60150509 6.96286
44525958 6.97143
44526069 7.02857
10158539 7.07143
44532531 7.2
70685440 7.2
44525949 7.24286
51357696 7.25714
57396627 7.32857
44525945 7.38571
45480848 7.38571
6539465 7.41429
44525973 7.44286
44532450 7.53714
53466728 7.54286
53467178 7.54286
5228 7.58571
53469453 7.6
6539602 7.61429
44525940 7.71429
9865518 7.81429
69689 7.81714
15521230 7.82857
667570 7.85714
18536646 7.87143
10161259 7.87143
57403579 7.91429
44529385 7.94286
44529229 8.02857
70685442 8.03714
447966 8.18571
9901062 8.21286
44536075 8.22857
44305879 8.27143
22112846 8.27143
6539506 8.3
66561013 8.32857
53469449 8.34286
44305647 8.35857
10639924 8.38571
11133737 8.38571
9914412 8.41429
44525962 8.42857
253268 8.44286
2409198 8.45714
11558948 8.45714
10595057 8.5
45271244 8.55714
21027446 8.55714
45271243 8.58571
44525925 8.6
44525922 8.6
9836405 8.61429
44526072 8.65714
44525953 8.68571
57401865 8.72857
44578709 8.74571
23133388 8.77143
9926791 8.78286
10757558 8.81429
25263085 8.84286
6539605 8.84286
44525941 8.88
9923028 8.95714
44305594 8.95714
57345685 8.95714
44525936 8.98571
44525952 8.98571
44571415 9.04286
57394915 9.05714
25263079 9.07143
6539452 9.1
44526075 9.1
6539398 9.17143
44532433 9.17143
66561090 9.17143
44397230 9.21857
156422 9.22857
9879605 9.28571
44529262 9.45714
6539528 9.48571
44532683 9.51429
9925372 9.56
45272980 9.57143
25263084 9.6
44532446 9.61429
57391365 9.62857
6539509 9.7
15838857 9.78571
44525939 9.87143
44528968 9.88571
10028480 9.9
44525950 9.94286
44525961 9.94571
10183216 9.98571
221158 10.0071
44336137 10.0714
44525920 10.0714
6539524 10.0857
6539480 10.1
9945696 10.1
6539486 10.1386
44532997 10.1857
70691776 10.2857
3134 10.3429
25121268 10.3714
11057468 10.3714
6539481 10.4143
44532526 10.4186
6539463 10.4243
11197671 10.4571
6263849 10.4714
44527603 10.5
51354328 10.5043
838889 10.6143
44526078 10.6429
9814925 10.6714
57398392 10.8143
44305551 10.8286
6539458 10.8286
51354036 10.9857
6539588 11.0286
25190912 11.0429
7 11.0714
9836050 11.1143
53469448 11.1429
9958299 11.1857
44532445 11.2
10621826 11.3143
53469634 11.3429
6539572 11.3571
6539455 11.3571
6539504 11.4571
51355190 11.4857
44527001 11.4957
6539579 11.5571
44529101 11.5714
44328970 11.5714
44532690 11.6214
9836051 11.6943
6450551 11.7429
10186182 11.7714
46927672 11.8714
44526076 11.9
11231979 12.3286
22609863 12.3429
44336144 12.4286
44529279 12.4314
156414 12.4443
9880709 12.5714
11682470 12.5714
99545 12.5857
6539571 12.6571
44525956 12.7
25263105 12.8
10452739 12.8143
15407403 12.8286
44527361 12.8857
44269265 12.9143
6539606 12.9857
44525974 13.0257
6538884 13.0343
6539591 13.0429
44529278 13.0714
44532978 13.0786
56683489 13.1143
51354327 13.1714
51356852 13.2486
44305910 13.4143
6539615 13.6143
44305812 13.7
6539565 14.0857
10287409 14.1
9935852 14.2014
6539461 14.2843
46215816 14.5229
10278843 14.6243
6539492 14.7914
46927597 14.8929
11373846 15.0043
10151417 15.2171
309461 15.3857
71451677 15.6143
53317178 15.6971
6539507 15.7
25263102 15.75
44532712 15.7571
44525486 16.1
6539426 16.7
44526922 16.7286
44578252 16.7571
6539609 16.7714
6539473 16.87
6539587 17.2714
53469824 17.3943
6539610 17.7429
11224168 18.1729
6539470 18.2129
44479934 18.6429
49862783 18.7186
70683338 18.81
6539472 19.0714
6539516 19.1871
44535870 19.2871
44306199 19.4714
51357954 19.6929
6539477 19.7071
11626560 19.8357
6539467 20.2614
15872399 20.6143
11427162 20.6229
51356854 20.7857
51356853 20.9186
6539394 21.2814
6539569 21.37
599038 21.5
53245731 22.4457
11514099 23.0143
10358578 23.1429
17917696 23.5286
9888013 23.7271
46215644 23.8043
42618144 23.9029
45272982 23.9786
23648920 24.2614
46886665 24.8186
22185475 25.935
44532639 26.9171
49862644 28.0214
6539376 28.1586
56673950 28.2943
9925594 28.6814
9903786 28.7343
11959683 30.9686
6539529 31.3914
6539566 31.5386
5329841 31.6443
6539501 31.9114
46215814 33.9243
44397192 34.4229
44526099 35.0586
24803787 40.4286
51356289 40.75
11495551 40.7714
44532720 42.7829
24803300 46.9429
24802961 50.17
44591845 50.3971
44591552 51.6571
11715767 51.8129
10239038 52.1486
24804298 52.1886
23648887 57.2414
24804299 59.1943
44592364 60.4143
10173796 65.9329
24802788 73.1371
24804781 81.2429
